-0.181090416545574 -0.484659701589068 -0.855751853454578
-0.150926123225867 0.466174516619271 -0.871723938745977
0.163333800984027 -0.901310939858456 0.401199026852729
-0.320431253700625 -0.678375430707138 0.661158518560225
0.91332418596499 0.354916611311355 0.199682573968419
0.565230335924327 -0.820615526343969 -0.0842901256024896
0.53596360618679 0.272355002243104 -0.799103100730069
-0.323008630138721 -0.86951698942314 -0.373638367891236
0.894204251866166 0.232711017298668 -0.382419061204184
0.879261015973669 0.468040251885763 0.0885346734543196
-0.246925564264726 -0.954031770465151 0.169856252918977
0.80237783399057 0.510449540071743 -0.309242750215987
0.101145825136809 0.373025992117903 -0.922291239935547
-0.0346091996563837 0.980196230997902 -0.19498090172284
-0.291552326643575 -0.374345231394578 -0.880262965573844
-0.441705532402947 0.884681702350321 0.149112401131382
0.963334546210903 0.213343446519796 0.162699495708155
-0.304252282107458 0.440178575565921 -0.844791909552383
-0.318386381633974 0.945872231128845 -0.0628954240733517
-0.00154203004308564 0.320991708618768 0.947080749007892
-0.0370859495256542 0.67232998190959 0.739322005470709
-0.28811471387404 -0.806812024954184 -0.515794792566393
-0.970715117271067 0.146807470282897 0.19015711338405
0.152894476524463 -0.835976967447418 0.527034902967279
0.0656477310264592 0.777396903943636 -0.6255752785636
0.373414566027939 -0.447894159131848 -0.812374534370534
0.507718745486102 0.807482965920385 -0.300321386568518
-0.595377861427451 0.448112174541334 0.666873812013871
-0.0241156937572034 0.0979267714742717 -0.994901392472256
-0.376791872902091 -0.921964133648055 0.0894987194406993
0.886784467510901 0.414855099255203 -0.203736483731716
-0.650325371554711 -0.175708615121488 0.739055744639277
0.442819571715014 0.180298859113701 -0.878295592786637
0.0680762323125482 -0.0264673647711269 -0.997328985438707
0.953119616183569 -0.0220353336827309 -0.301790393014055
0.812430290369943 -0.544275114933498 -0.209097160558285
0.482513677702579 -0.778266040702796 -0.401848877961262
-0.490704842865809 -0.143724410377994 -0.859390511379745
0.182485056151817 -0.137748985015723 -0.973511387405615
-0.0286196938857881 0.939496660153504 -0.341360423427049
0.572365238420071 -0.817249347932582 0.067093495602071
-0.699157127912157 -0.58736122041695 0.4076593028988
0.971562630045558 -0.0605826794438368 0.228901277520164
-0.905265996649162 -0.0905480080739741 0.415083766900893
0.199439330304488 -0.872496557510301 -0.446064693357781
0.461637567942063 0.507959274703323 0.727233202698702
-0.65252381978697 0.616271361168472 0.440933412222503
0.814704309073402 -0.124257498237591 -0.566407064670777
-0.183966440735021 -0.880644093291877 -0.436603171808699
0.493223457273777 0.434235087820626 -0.753770860209066
0.0021651141853517 -0.686206102997634 0.727403943135701
0.594017451119832 -0.575175261557552 0.562420382149597
0.012092100877798 0.484042107437751 -0.874961153036855
0.327593966885654 -0.0674178337681405 -0.942410223071743
0.817398470725554 0.575675489137049 -0.0213885778476538
0.99926098648705 0.0341863250731662 -0.017572025009082
-0.91952004404783 0.367013738919351 -0.1406549111788
0.825179816627865 0.143368223088551 0.546373336500268
0.881247697697439 -0.145228995508905 0.449789988957556
-0.253821989485736 0.792609191594176 0.55438710938651
-0.653784090729941 0.445605417348846 -0.611557172092508
0.893527308642714 0.445224725746059 -0.0581712325299576
0.299423385126246 -0.221860397479024 -0.927967456579157
0.693690724531094 0.70286096159167 0.157415524551932
0.847675951197323 -0.52757442533985 -0.0557737168300717
-0.33586076798621 0.579653593090202 0.742427947039531
0.436818351434175 -0.645425059146726 -0.62659095179852
-0.783120923320978 0.418898178935894 0.459614985766446
0.720261417516535 0.693518599216245 0.0159825835899059
0.567079615496869 0.402954190531858 0.718365248338711
0.979089192482656 0.15745277984524 -0.128813723192319
0.858232767444347 -0.504638174445493 0.0936847360947283
-0.0877689439701423 -0.594860180815585 0.799023139686465
-0.0988414865502816 -0.994076217363761 -0.0451977279106725
0.52901974574374 -0.495910259440975 0.688629888397544
-0.3567993629947 -0.114107269513802 -0.92718592828552
0.774828422363583 -0.603131268921046 0.189403242705212
0.545480870067243 -0.803165789740518 -0.239531489748581
0.555284191526001 -0.750633323122145 0.358062956559208
0.411292665457022 0.566744440049743 -0.713890105698322
-0.85748509835673 -0.379088819714112 -0.347866314643874
-0.238147754688086 -0.97099415480491 0.0213541160370012
0.75816236720354 -0.642422614345236 -0.111727389364277
0.033319906688347 0.458327258264075 0.888158717882348
-0.657455538973253 0.732605814644377 0.176184376783637
-0.967819635124922 0.248306123485641 -0.0408561244637307
0.0756451134209769 0.0561668255779449 0.995551658388466
0.814828745907218 0.314584659736283 -0.486919507415627
0.034875016951729 -0.176282081466533 -0.983721688764888
-0.151123639140698 0.282284793567032 0.947352595929145
0.449003206988455 0.676668381204343 -0.58353750692854
0.991393493994547 -0.120385965755514 -0.0514408331425129
0.918854302713345 -0.394557473726405 -0.00558303786570464
0.463423834192146 -0.619433243824956 0.633672475611134
0.088765425966868 0.976314619000112 0.197308043119351
-0.0956377142786785 0.83388241083157 0.54359318659571
-0.0292204248251115 -0.243176396857141 0.969541854065423
0.316461285869977 -0.925527243744755 0.207970131585662
-0.396001401223226 -0.259286370870187 -0.880882210122448
0.435137686156995 -0.147688739554499 -0.888168469545468
-0.730543289765714 -0.67108443786317 0.126301935995304
-0.547450945398632 -0.742434297103362 -0.386120158586392
-0.42838825983799 -0.782440809811385 -0.451962252820612
-0.728387611922259 -0.148722738201474 -0.668829600077661
-0.472911458925045 -0.869423125542107 -0.14303209706209
0.770478323473902 0.0188043238884242 0.637188787142354
-0.255858801590138 -0.58891541710974 0.766625661675449
-0.621297397926753 -0.780343243323478 0.0710912507193507
0.741536014803028 -0.0537605384820065 -0.66875566782807
0.269893774865343 -0.189239356458829 0.944111124950863
0.0382635234915102 -0.998226175200649 0.0456114669167421
0.717727499302751 0.386556484134236 -0.579172963214269
0.682247452099723 -0.719245480522162 0.131241582022925
0.769240026792808 0.455600379448193 -0.447993387703952
-0.531942694892169 0.683227175270679 0.500237539897303
-0.227819767384149 -0.964604474381482 -0.13280196381175
-0.180456729352727 0.969147182965795 0.167896118420826
-0.723991289867161 0.149778644641932 -0.673352040024912
-0.412136300025248 0.156971954681884 -0.897498454396913
-0.68472018857191 -0.518329511638201 -0.512340492960445
0.443975072768058 -0.848346774990632 0.288433500349025
0.435135771184307 0.387321038278769 0.812797191150717
0.185604337455622 0.248505838429939 -0.950681796493387
0.0701822278016739 0.585685675771675 0.807494113970294
0.62562977654 -0.301346550702585 -0.719567675125949
-0.795209587762796 0.287102014743227 0.534054439791024
-0.551931750939351 -0.102814740223762 0.827526719506834
0.346948230035937 0.911969952905051 0.218946867237896
0.859969257380565 0.374270411502869 -0.346950335687678
-0.870270673912535 0.19385640143816 0.452822978380371
0.833713622009643 0.171804508005367 -0.524790250961844
0.360523625750004 -0.302845965070561 0.882217114273211
-0.570154340997551 0.793078683526878 -0.214360045663649
-0.237951963840444 0.565451462310007 -0.789711027323255
0.991722770240544 -0.0923710497707825 0.0891826000443234
-0.547896674554187 0.118178049203283 -0.828156496502304
-0.857829802284666 0.2942120671088 -0.421387339486865
-0.0596578672569885 0.359546184294546 -0.931218277437455
0.716558205402764 -0.640181887767258 -0.276968389612823
0.764168077980208 0.275747349044232 0.583104234327888
0.39452952431441 0.716515711462054 0.575284007836366
0.89502626635052 -0.418899127897663 -0.153138836319286
-0.866566549795171 0.319744360215177 0.383178755787271
0.445649312873121 -0.00839266062593695 0.895168282047198
-0.672276555720219 0.686174877737509 -0.277863761204791
0.796109913376182 0.592266780127529 0.124213795455808
0.297794529735355 -0.694630912121609 -0.654833042832141
0.495901379492485 0.868343780327928 -0.00780390820384715
0.498505868267161 -0.265438370940772 0.825248066059844
-0.904548694060389 -0.12788058248799 -0.406740970024139
0.60204969144951 0.794920387403611 0.0750849300169037
0.30781985344065 -0.885272428859217 0.348625392835174
-0.842906479851103 -0.483395567993359 -0.236299367475664
-0.1504076584958 -0.800467954001048 -0.580197027640772
0.814808494358263 -0.435090098229267 0.383123640545017
-0.922193023231962 0.300210755595004 0.24378993032398
-0.361653743770485 -0.930287039706979 -0.0614214406377562
-0.343756858243419 -0.475160880485673 0.809971209406046
0.390045069351555 -0.534330214215861 0.749904037894565
0.832968648160365 0.025866203072397 -0.552715270931166
-0.506067096042889 0.38038464995694 0.774082432548274
-0.161204491148549 0.676435023036395 -0.718643702848143
-0.127272480295106 -0.123642044264319 0.984131272061645
0.119296507180398 0.848117599927509 -0.51620236348525
-0.061352708968433 0.913216163814931 0.402830092283801
-0.0190342054367381 0.873524554175965 -0.486407804496468
0.112212962990856 0.915188080782324 -0.38709046453094
-0.930650827908331 0.0248899657371914 -0.365060989588233
0.217943734508039 0.0852021303753265 0.972235118460651
0.229282644203958 -0.505971725768297 -0.831517938345224
0.581874202635056 -0.360199330160728 0.729163119514132
-0.953703125629318 -0.126246988117125 0.272968947238002
-0.104007093916084 -0.989064535389254 0.104565143572653
0.179675379489264 -0.983512322375026 -0.0205004815034106
-0.867604656462869 -0.011713002092665 -0.497116651970063
0.683199688100085 -0.502512683811374 -0.529829395927252
0.779500687274389 0.394791863190915 0.486331227968143
0.0747047506807402 0.934945600622182 0.346837028160136
0.710678384187375 -0.517169875631433 0.476939780253431
0.641964976414839 -0.639760732752086 0.422595757060111
0.698459347340561 -0.304619525268716 0.647581257401463
0.0794035111317102 -0.552842051387485 -0.829494272817862
0.664726807891738 0.619693786267072 0.417274348758752
-0.0778273822380983 0.773945751037613 -0.628451169960555
0.452544198492288 0.838417857826515 0.303742068354993
-0.752936112989844 0.566239699201215 -0.335350283739647
0.257195527109723 0.37937641490623 -0.888776685477093
-0.754324286406822 -0.598288628148206 -0.270269473609909
0.480072885881802 0.615670650067625 0.624883729094002
0.919744422663666 0.243870624427392 0.307566765955743
0.750237251244832 0.0993516160321414 -0.65366147449303
0.743367432429723 0.245679793948786 -0.622130451953706
-0.757845270860532 0.53570916211181 0.372406013732042
-0.393664331144552 0.753677770209685 0.526306197071885
0.587303444535401 0.522891702893682 0.617785505723304
-0.146232211223453 0.741229435828706 0.655129806879337
0.570115120360597 0.0230168717578753 0.821242335215802
-0.487522919672883 -0.751368566128288 0.44470965879768
-0.986970489499736 -0.00624562450653828 0.160780113917033
-0.383783994184921 -0.892734387730347 0.236082948920906
0.567512254892235 -0.573736419378249 -0.590555976708523
0.320001278026985 -0.650357736171659 0.688936859997177
-0.606918541651605 0.716633364751356 0.343637169591183
-0.162289501818941 -0.689507777240763 0.705861985606154
0.178259819825673 -0.976037615615718 0.124795871481802
0.213873759309212 -0.333413583594748 0.918201174772421
-0.70404456318564 0.372456701953307 0.604646391057457
0.293847367398179 -0.824733530034673 0.483185605238511
0.41429302094808 0.345116361168324 -0.842173372915369
-0.929606082315271 0.18400228856674 -0.319336326659927
0.449059184926865 -0.405300378942595 0.79628980356514
0.357036564012 0.774077721500696 -0.522808352108874
-0.315915509193853 0.94492894402628 0.0854791307405994
0.0522235998471371 -0.965002706980501 -0.256987297622493
0.428481181387206 -0.795877216331411 0.427765512543484
-0.931791324499061 -0.272925897260879 0.239324846584365
0.508214492165257 0.847117591929919 -0.155273357006489
-0.676729200084731 0.735986153001007 0.0190255707787996
-0.642367948631529 0.139926844062646 0.753514364084448
0.325547237999539 0.500599945465967 0.802133835734625
0.543939248502526 -0.0581704985686773 -0.83710589953409
0.0414893054780952 -0.993550814256893 -0.105524485406994
0.531206040594937 0.566708593019367 -0.629810696188513
-0.17043398307806 0.0691933497303331 -0.982936690619108
-0.624168212933579 0.211908768817096 -0.752003135406844
-0.955892625209914 0.275404673962474 0.102086015834307
0.536979971214613 0.273052623382423 0.798182169293658
0.251286529385826 0.855969749053614 -0.451852707034405
0.813727194070346 -0.101425841336541 0.572329321579436
0.958681052178131 -0.218425427168795 0.182266214534569
0.215729562728676 0.606673206335179 0.765119844521032
-0.682454519568332 -0.401203248975068 -0.610976089329695
0.189000341621532 -0.631455509685773 -0.75202580418123
-0.652490916495319 -0.0199332524556765 0.757534335418294
0.146344584249397 0.3507019418954 0.924981843395678
0.659765766447017 0.523388453553748 -0.53923432764541
-0.26616476566408 0.36853348428679 0.890696013507652
-0.852521859414871 -0.26437634385155 -0.450900907108755
0.450588424334945 -0.880867933993372 0.145057763382728
-0.21182466152784 -0.00911639064428508 0.977265165750953
0.982457253467539 0.185723847078851 0.0168640960401532
0.109155377913692 0.962349613211553 -0.248934379755176
0.947763929715023 0.304790344249958 -0.0940551943442269
0.519505123870723 -0.69235458740088 0.500758975533162
0.673404189034353 -0.0271937828192623 0.738774184962471
0.255441296238056 0.23465051470072 0.937917309855676
-0.385323751499776 0.729441045356518 -0.565191443565213
0.32343565699457 0.250606390969783 -0.912461403342405
-0.381671662099662 -0.843066116392738 0.378901393162584
-0.898927757294759 0.33385645851755 -0.283670146950879
-0.896967198773705 0.0518440130761052 0.439046743106264
-0.111539496588028 -0.206908862761069 -0.971981308056801
-0.819411783427698 -0.548556726615745 0.166282431015601
0.175813911582522 0.492701259611299 -0.852252859937409
0.00819008917081623 0.775675097246969 0.631079286579966
0.240722655405954 -0.751409170332349 0.614358903178555
-0.602289815873588 -0.448479538338299 0.660388583628477
0.351716163343056 0.617970792146785 0.703141408606204
0.776212590031014 -0.629142538213689 0.0409106549370931
-0.433490352886266 -0.0267041093434121 0.900762457309759
0.847037372414226 -0.474036837787531 0.240451172078661
-0.311730392068441 0.0396332021333125 -0.949343653241289
-0.634296397607685 -0.319117988257205 0.704153242946866
0.930185014257608 -0.171591985410087 -0.324518150175916
0.553415352025533 0.658617052889554 0.509857848606387
0.334530586488536 -0.847983437536771 -0.411112364648592
-0.250857386331364 -0.915881890085125 0.313418147427836
0.941996741942314 0.3314837302218 0.0525421237513875
-0.990024260955677 -0.0627885014079453 -0.126133131294322
-0.625120716170864 -0.750019138018212 0.216091144706221
0.116705095256685 -0.421661420132859 -0.8992116366644
0.773465928736263 0.505017308705423 0.383024770729104
-0.569160721975399 -0.791257563581748 -0.223534204620047
-0.471234445004381 0.521621799340259 0.711230480431234
-0.0461828939516203 -0.866609930077129 -0.496844411660197
-0.727058735916249 0.215449034569674 0.651895166442322
0.114128461909741 0.700024124758195 0.70494036551941
-0.796964928770055 0.244785860785473 -0.552201760835707
0.407528759086 -0.303107058317628 -0.861421163958641
-0.72297945482595 -0.636576418291369 0.26846074494217
-0.534991359562263 0.226733486560128 0.813864958863575
0.625264566012414 0.143021943166922 0.76719550719622
-0.958650521336755 -0.0953532193250654 -0.268136050364574
0.306987643781238 0.110270753356234 -0.945303627158963
-0.421686767808586 0.856801335322104 0.296768835367543
-0.225133873835016 -0.772465576147066 0.593811142131756
-0.610958816530199 -0.704928858956215 0.360284093896342
-0.656686979994869 -0.280101389387488 -0.700218124564351
-0.122211261629059 0.218463541594851 -0.9681622222153
0.579169645859903 0.644177599495261 -0.499597579680925
-0.449199780519608 0.893430268225711 0.0013831121687187
0.310715415259003 -0.920442798482679 -0.237151819393821
-0.173683180737489 0.948183873487444 -0.266047918216353
-0.0788808435182854 0.583393423942916 -0.808350125518642
-0.847906857519764 0.436573842758717 0.30076110252133
-0.651917445564355 -0.697501388365102 -0.297481860619437
0.255988457443158 0.717735194724412 0.647553935907877
0.193375997127671 -0.928880527974808 -0.315890310842419
-0.213003484278459 -0.934174220762693 -0.286265682448405
-0.76282603885367 0.38480269666721 -0.519637680585677
